BEGIN IONS
CHARGE=1+
SCANS=91
RETENTION_TIME=275.28
PRECURSOR_MZ=481.2182
FEATURE_ID=91
MS_LEVEL=1
NUM_PEAKS=0
END IONS

BEGIN IONS
CHARGE=1+
SCANS=91
RETENTION_TIME=275.28
PRECURSOR_MZ=481.2182
FEATURE_ID=91
MS_LEVEL=2
NUM_PEAKS=5
117.0544 17.24137931034483 
136.039 100.0 
164.0336 93.10344827586206 
219.0774 18.96551724137931 
237.086 70.6896551724138 
END IONS

